# id Mvir M200c M500c [Msun/h] Rvir R200c R500c [Mpc/h]
   1   7.372e+14   5.841e+14   4.058e+14     1.870     1.360     0.887
   2   6.104e+14   4.689e+14   3.103e+14     1.756     1.264     0.811
   3   1.997e+15   1.644e+15   1.234e+15     2.607     1.920     1.285
   4   5.732e+14   4.427e+14   3.192e+14     1.720     1.240     0.819
   5   6.377e+14   4.687e+14   2.980e+14     1.782     1.263     0.800
   6   6.074e+14   5.033e+14   3.621e+14     1.753     1.294     0.854
   7   6.009e+14   5.119e+14   4.058e+14     1.747     1.301     0.887
   8   2.860e+14   1.941e+14   1.237e+14     1.364     0.942     0.597
   9   1.025e+15   8.113e+14   5.073e+14     2.087     1.517     0.956
  10   5.683e+14   4.772e+14   3.167e+14     1.715     1.271     0.817
  11   6.347e+14   4.812e+14   3.241e+14     1.779     1.275     0.823
  13   1.147e+15   9.973e+14   7.405e+14     2.167     1.625     1.084
  14   1.173e+15   9.514e+14   6.823e+14     2.183     1.600     1.055
  15   5.199e+14   3.595e+14   2.484e+14     1.665     1.157     0.753
  16   6.880e+14   5.475e+14   3.915e+14     1.828     1.331     0.877
  17   7.156e+14   6.149e+14   4.040e+14     1.852     1.383     0.886
  19   4.683e+14   3.645e+14   2.421e+14     1.608     1.162     0.747
  21   6.872e+14   5.588e+14   4.258e+14     1.827     1.340     0.902
  23   6.862e+14   6.357e+14   4.718e+14     1.826     1.399     0.933
  25   5.267e+14   4.296e+14   3.123e+14     1.672     1.227     0.813
  26   1.063e+15   8.376e+14   5.431e+14     2.113     1.533     0.978
  27   6.436e+14   4.991e+14   3.651e+14     1.788     1.290     0.857
  29   8.719e+14   7.083e+14   4.690e+14     1.978     1.450     0.931
  31   7.692e+14   6.709e+14   4.759e+14     1.897     1.424     0.936
  32   8.074e+14   6.601e+14   4.830e+14     1.928     1.416     0.940
  33   1.287e+15   1.032e+15   6.372e+14     2.252     1.644     1.031
  34   7.367e+14   5.757e+14   3.837e+14     1.870     1.353     0.871
  35   4.877e+14   3.930e+14   3.054e+14     1.630     1.191     0.807
  39   6.063e+14   4.723e+14   3.244e+14     1.752     1.267     0.823
  42   8.198e+14   6.944e+14   5.186e+14     1.938     1.440     0.963
  44   5.907e+14   4.888e+14   3.594e+14     1.737     1.281     0.852
  45   4.856e+14   3.653e+14   2.428e+14     1.627     1.163     0.748
  49   6.206e+14   5.156e+14   3.318e+14     1.766     1.304     0.830
  50   1.349e+15   1.002e+15   6.323e+14     2.287     1.628     1.029
  53   6.532e+14   5.093e+14   3.225e+14     1.796     1.299     0.822
  54   4.784e+14   3.805e+14   2.675e+14     1.619     1.179     0.772
  55   5.001e+14   4.208e+14   3.091e+14     1.643     1.219     0.810
  59   8.805e+14   7.572e+14   5.299e+14     1.984     1.482     0.970
  61   9.457e+14   8.356e+14   5.617e+14     2.032     1.532     0.989
  63   7.981e+14   6.214e+14   3.954e+14     1.920     1.388     0.880
  65   5.486e+14   4.596e+14   3.350e+14     1.695     1.255     0.832
  66   4.734e+14   4.105e+14   3.132e+14     1.614     1.209     0.814
  68   5.360e+14   4.438e+14   3.160e+14     1.682     1.241     0.816
  69   1.092e+15   9.161e+14   6.723e+14     2.132     1.580     1.050
  71   6.622e+14   5.002e+14   3.255e+14     1.805     1.291     0.824
  73   5.928e+14   5.153e+14   3.553e+14     1.739     1.304     0.849
  77   1.601e+15   1.344e+15   1.048e+15     2.422     1.795     1.217
  78   7.370e+14   6.198e+14   3.665e+14     1.870     1.387     0.858
  79   8.952e+14   7.794e+14   5.336e+14     1.995     1.497     0.972
  80   6.155e+14   5.393e+14   4.367e+14     1.761     1.324     0.909
  81   5.760e+14   4.726e+14   3.507e+14     1.723     1.267     0.845
  82   3.361e+14   2.593e+14   1.821e+14     1.439     1.037     0.679
  83   6.690e+14   5.415e+14   3.943e+14     1.811     1.326     0.879
  85   4.556e+14   3.771e+14   2.731e+14     1.593     1.175     0.777
  86   6.669e+14   5.241e+14   3.748e+14     1.809     1.311     0.864
  88   6.788e+14   5.480e+14   3.661e+14     1.820     1.331     0.857
  91   6.442e+14   5.623e+14   3.540e+14     1.788     1.342     0.848
  96   5.641e+14   4.422e+14   3.066e+14     1.711     1.239     0.808
  98   6.164e+14   5.212e+14   2.983e+14     1.762     1.309     0.801
 100   2.963e+14   2.290e+14   1.084e+14     1.380     0.995     0.571
 104   6.392e+14   4.711e+14   3.192e+14     1.784     1.266     0.819
 106   5.992e+14   5.182e+14   3.540e+14     1.746     1.306     0.848
 108   3.940e+14   2.963e+14   1.761e+14     1.518     1.084     0.672
 125   7.934e+14   6.717e+14   5.210e+14     1.917     1.424     0.964
 131   6.756e+14   4.902e+14   3.104e+14     1.817     1.283     0.811
 132   5.581e+14   4.372e+14   3.113e+14     1.705     1.235     0.812
 135   6.331e+14   5.179e+14   3.893e+14     1.778     1.306     0.875
 140   4.787e+14   3.783e+14   1.939e+14     1.620     1.176     0.694
 146   6.198e+14   4.886e+14   3.234e+14     1.765     1.281     0.823
 149   2.552e+14   1.984e+14   1.282e+14     1.313     0.949     0.604
 153   8.469e+14   6.348e+14   4.350e+14     1.959     1.398     0.908
 156   5.811e+14   4.794e+14   3.268e+14     1.728     1.273     0.825
 161   4.063e+14   2.286e+14   1.461e+14     1.534     0.995     0.631
 175   2.909e+14   2.244e+14   1.543e+14     1.372     0.988     0.643
 200   6.070e+14   4.719e+14   2.256e+14     1.753     1.266     0.730
 201   8.224e+14   6.877e+14   4.152e+14     1.940     1.436     0.894
 217   7.875e+14   6.941e+14   4.746e+14     1.912     1.440     0.935
 223   3.166e+14   2.050e+14   1.327e+14     1.411     0.959     0.611
 229   5.526e+14   4.238e+14   2.817e+14     1.699     1.222     0.786
 248   3.274e+14   2.679e+14   2.008e+14     1.427     1.049     0.702
 284   5.904e+14   4.622e+14   3.160e+14     1.737     1.258     0.816
 298   6.807e+14   4.773e+14   2.797e+14     1.821     1.271     0.784
 434   8.917e+14   7.695e+14   4.393e+14     1.993     1.490     0.911
 471   3.599e+14   2.840e+14   1.792e+14     1.473     1.069     0.676
 732   2.752e+14   2.257e+14   1.568e+14     1.347     0.990     0.646
